10	19
10.04	14
10.08	18
10.12	16
10.16	19
10.2	12
10.24	10
10.28	26
10.32	20
10.36	10
10.4	11
10.44	14
10.48	8
10.52	13
10.56	17
10.6	16
10.64	9
10.68	13
10.72	17
10.76	12
10.8	11
10.84	11
10.88	20
10.92	13
10.96	11
11	17
11.04	13
11.08	11
11.12	8
11.16	14
11.2	12
11.24	13
11.28	12
11.32	10
11.36	13
11.4	16
11.44	8
11.48	23
11.52	8
11.56	9
11.6	13
11.64	11
11.68	11
11.72	11
11.76	13
11.8	11
11.84	6
11.88	6
11.92	7
11.96	10
12	13
12.04	8
12.08	15
12.12	7
12.16	16
12.2	12
12.24	11
12.28	12
12.32	17
12.36	6
12.4	13
12.44	17
12.48	12
12.52	11
12.56	13
12.6	8
12.64	9
12.68	11
12.72	8
12.76	9
12.8	6
12.84	11
12.88	11
12.92	12
12.96	4
13	9
13.04	8
13.08	8
13.12	9
13.16	12
13.2	11
13.24	11
13.28	11
13.32	13
13.36	10
13.4	9
13.44	8
13.48	7
13.52	11
13.56	14
13.6	8
13.64	9
13.68	8
13.72	7
13.76	11
13.8	8
13.84	13
13.88	16
13.92	10
13.96	9
14	13
14.04	9
14.08	10
14.12	3
14.16	6
14.2	10
14.24	6
14.28	3
14.32	6
14.36	10
14.4	7
14.44	8
14.48	9
14.52	15
14.56	7
14.6	9
14.64	4
14.68	9
14.72	7
14.76	8
14.8	7
14.84	4
14.88	5
14.92	11
14.96	9
15	4
15.04	8
15.08	10
15.12	3
15.16	7
15.2	11
15.24	9
15.28	5
15.32	9
15.36	8
15.4	9
15.44	3
15.48	9
15.52	5
15.56	5
15.6	7
15.64	5
15.68	9
15.72	5
15.76	8
15.8	13
15.84	7
15.88	8
15.92	8
15.96	2
16	9
16.04	6
16.08	9
16.12	10
16.16	4
16.2	10
16.24	9
16.28	8
16.32	2
16.36	9
16.4	4
16.44	5
16.48	5
16.52	9
16.56	6
16.6	11
16.64	8
16.68	5
16.72	3
16.76	9
16.8	9
16.84	8
16.88	7
16.92	3
16.96	8
17	3
17.04	4
17.08	2
17.12	5
17.16	5
17.2	8
17.24	13
17.28	8
17.32	6
17.36	8
17.4	8
17.44	9
17.48	8
17.52	3
17.56	7
17.6	7
17.64	4
17.68	4
17.72	7
17.76	5
17.8	4
17.84	9
17.88	6
17.92	6
17.96	6
18	4
18.04	10
18.08	13
18.12	12
18.16	7
18.2	8
18.24	6
18.28	5
18.32	3
18.36	8
18.4	1
18.44	8
18.48	4
18.52	3
18.56	10
18.6	11
18.64	10
18.68	5
18.72	4
18.76	9
18.8	9
18.84	2
18.88	13
18.92	9
18.96	8
19	5
19.04	9
19.08	4
19.12	5
19.16	10
19.2	4
19.24	4
19.28	2
19.32	10
19.36	9
19.4	5
19.44	9
19.48	7
19.52	6
19.56	3
19.6	4
19.64	9
19.68	5
19.72	7
19.76	7
19.8	4
19.84	7
19.88	2
19.92	3
19.96	6
20	6
20.04	3
20.08	5
20.12	4
20.16	7
20.2	2
20.24	8
20.28	9
20.32	9
20.36	4
20.4	7
20.44	4
20.48	7
20.52	3
20.56	11
20.6	6
20.64	8
20.68	8
20.72	4
20.76	1
20.8	5
20.84	7
20.88	4
20.92	3
20.96	5
21	3
21.04	12
21.08	8
21.12	5
21.16	6
21.2	8
21.24	5
21.28	4
21.32	5
21.36	5
21.4	6
21.44	5
21.48	8
21.52	4
21.56	4
21.6	4
21.64	10
21.68	11
21.72	3
21.76	6
21.8	5
21.84	9
21.88	9
21.92	2
21.96	5
22	3
22.04	7
22.08	4
22.12	3
22.16	4
22.2	5
22.24	8
22.28	2
22.32	2
22.36	7
22.4	3
22.44	7
22.48	5
22.52	4
22.56	3
22.6	4
22.64	8
22.68	8
22.72	5
22.76	7
22.8	8
22.84	11
22.88	4
22.92	6
22.96	7
23	6
23.04	4
23.08	7
23.12	10
23.16	4
23.2	5
23.24	4
23.28	6
23.32	3
23.36	6
23.4	1
23.44	2
23.48	4
23.52	4
23.56	4
23.6	4
23.64	7
23.68	4
23.72	7
23.76	5
23.8	6
23.84	2
23.88	6
23.92	4
23.96	6
24	5
24.04	3
24.08	4
24.12	9
24.16	5
24.2	5
24.24	4
24.28	3
24.32	8
24.36	5
24.4	9
24.44	5
24.48	7
24.52	4
24.56	6
24.6	5
24.64	5
24.68	6
24.72	7
24.76	4
24.8	7
24.84	6
24.88	6
24.92	6
24.96	8
25	4
25.04	4
25.08	4
25.12	5
25.16	4
25.2	7
25.24	7
25.28	5
25.32	7
25.36	11
25.4	10
25.44	5
25.48	6
25.52	11
25.56	6
25.6	8
25.64	3
25.68	8
25.72	9
25.76	15
25.8	10
25.84	13
25.88	8
25.92	6
25.96	7
26	12
26.04	15
26.08	20
26.12	17
26.16	14
26.2	19
26.24	18
26.28	22
26.32	29
26.36	35
26.4	43
26.44	59
26.48	74
26.52	123
26.56	148
26.6	174
26.64	156
26.68	113
26.72	72
26.76	35
26.8	25
26.84	27
26.88	11
26.92	14
26.96	13
27	11
27.04	6
27.08	7
27.12	9
27.16	5
27.2	5
27.24	5
27.28	1
27.32	9
27.36	7
27.4	9
27.44	6
27.48	4
27.52	3
27.56	4
27.6	8
27.64	9
27.68	4
27.72	7
27.76	5
27.8	3
27.84	3
27.88	10
27.92	3
27.96	7
28	4
28.04	4
28.08	5
28.12	6
28.16	7
28.2	5
28.24	3
28.28	1
28.32	5
28.36	7
28.4	7
28.44	4
28.48	6
28.52	3
28.56	7
28.6	10
28.64	7
28.68	3
28.72	2
28.76	9
28.8	5
28.84	6
28.88	4
28.92	4
28.96	3
29	4
29.04	6
29.08	6
29.12	8
29.16	7
29.2	5
29.24	8
29.28	4
29.32	4
29.36	3
29.4	7
29.44	4
29.48	3
29.52	4
29.56	7
29.6	3
29.64	5
29.68	4
29.72	4
29.76	5
29.8	5
29.84	2
29.88	9
29.92	2
29.96	3
30	3
30.04	5
30.08	5
30.12	8
30.16	9
30.2	2
30.24	5
30.28	4
30.32	4
30.36	6
30.4	5
30.44	8
30.48	3
30.52	11
30.56	3
30.6	3
30.64	5
30.68	5
30.72	6
30.76	5
30.8	0
30.84	4
30.88	6
30.92	7
30.96	6
31	12
31.04	12
31.08	8
31.12	6
31.16	5
31.2	4
31.24	6
31.28	3
31.32	2
31.36	4
31.4	4
31.44	4
31.48	7
31.52	6
31.56	5
31.6	3
31.64	7
31.68	6
31.72	4
31.76	9
31.8	9
31.84	1
31.88	5
31.92	5
31.96	2
32	8
32.04	8
32.08	4
32.12	5
32.16	4
32.2	6
32.24	6
32.28	8
32.32	6
32.36	10
32.4	5
32.44	4
32.48	8
32.52	4
32.56	4
32.6	2
32.64	7
32.68	7
32.72	1
32.76	1
32.8	5
32.84	10
32.88	3
32.92	3
32.96	5
33	7
33.04	5
33.08	7
33.12	4
33.16	5
33.2	5
33.24	4
33.28	2
33.32	4
33.36	6
33.4	7
33.44	6
33.48	4
33.52	4
33.56	6
33.6	4
33.64	6
33.68	9
33.72	12
33.76	6
33.8	6
33.84	5
33.88	5
33.92	7
33.96	3
34	6
34.04	4
34.08	9
34.12	7
34.16	8
34.2	3
34.24	6
34.28	7
34.32	7
34.36	3
34.4	6
34.44	4
34.48	7
34.52	11
34.56	5
34.6	2
34.64	3
34.68	7
34.72	5
34.76	5
34.8	5
34.84	6
34.88	5
34.92	2
34.96	8
35	6
35.04	11
35.08	4
35.12	9
35.16	6
35.2	2
35.24	6
35.28	5
35.32	2
35.36	6
35.4	9
35.44	5
35.48	9
35.52	10
35.56	6
35.6	4
35.64	7
35.68	11
35.72	7
35.76	5
35.8	10
35.84	6
35.88	7
35.92	9
35.96	8
36	8
36.04	6
36.08	5
36.12	13
36.16	5
36.2	6
36.24	7
36.28	4
36.32	2
36.36	7
36.4	8
36.44	9
36.48	9
36.52	7
36.56	3
36.6	9
36.64	7
36.68	7
36.72	13
36.76	3
36.8	8
36.84	11
36.88	10
36.92	10
36.96	11
37	11
37.04	12
37.08	19
37.12	15
37.16	17
37.2	15
37.24	17
37.28	13
37.32	17
37.36	21
37.4	12
37.44	15
37.48	9
37.52	15
37.56	15
37.6	16
37.64	27
37.68	10
37.72	16
37.76	12
37.8	13
37.84	13
37.88	14
37.92	13
37.96	12
38	11
38.04	10
38.08	10
38.12	10
38.16	13
38.2	5
38.24	6
38.28	10
38.32	8
38.36	12
38.4	6
38.44	8
38.48	11
38.52	6
38.56	9
38.6	14
38.64	11
38.68	7
38.72	6
38.76	6
38.8	5
38.84	9
38.88	11
38.92	14
38.96	8
39	6
39.04	3
39.08	3
39.12	7
39.16	9
39.2	6
39.24	14
39.28	12
39.32	10
39.36	9
39.4	7
39.44	7
39.48	8
39.52	7
39.56	12
39.6	10
39.64	10
39.68	11
39.72	10
39.76	7
39.8	7
39.84	10
39.88	7
39.92	6
39.96	6
40	3
40.04	12
40.08	10
40.12	6
40.16	12
40.2	11
40.24	12
40.28	9
40.32	15
40.36	17
40.4	20
40.44	36
40.48	46
40.52	39
40.56	40
40.6	46
40.64	47
40.68	40
40.72	33
40.76	31
40.8	23
40.84	17
40.88	18
40.92	21
40.96	17
41	22
41.04	20
41.08	12
41.12	14
41.16	18
41.2	11
41.24	10
41.28	21
41.32	9
41.36	9
41.4	9
41.44	11
41.48	12
41.52	21
41.56	8
41.6	18
41.64	18
41.68	21
41.72	19
41.76	20
41.8	24
41.84	27
41.88	25
41.92	27
41.96	28
42	33
42.04	31
42.08	33
42.12	30
42.16	33
42.2	37
42.24	50
42.28	44
42.32	38
42.36	57
42.4	62
42.44	74
42.48	70
42.52	83
42.56	92
42.6	94
42.64	86
42.68	111
42.72	91
42.76	94
42.8	82
42.84	107
42.88	90
42.92	99
42.96	96
43	66
43.04	82
43.08	71
43.12	70
43.16	67
43.2	62
43.24	63
43.28	59
43.32	45
43.36	58
43.4	42
43.44	44
43.48	43
43.52	39
43.56	42
43.6	38
43.64	31
43.68	35
43.72	28
43.76	24
43.8	19
43.84	32
43.88	26
43.92	31
43.96	33
44	22
44.04	23
44.08	18
44.12	15
44.16	25
44.2	25
44.24	19
44.28	33
44.32	33
44.36	33
44.4	25
44.44	22
44.48	26
44.52	24
44.56	19
44.6	35
44.64	18
44.68	20
44.72	17
44.76	19
44.8	5
44.84	8
44.88	16
44.92	20
44.96	12
45	16
45.04	11
45.08	10
45.12	14
45.16	16
45.2	13
45.24	17
45.28	17
45.32	11
45.36	11
45.4	10
45.44	10
45.48	14
45.52	15
45.56	5
45.6	5
45.64	9
45.68	5
45.72	7
45.76	14
45.8	9
45.84	4
45.88	4
45.92	7
45.96	8
46	10
46.04	8
46.08	7
46.12	8
46.16	6
46.2	8
46.24	7
46.28	6
46.32	8
46.36	2
46.4	10
46.44	8
46.48	5
46.52	8
46.56	8
46.6	8
46.64	3
46.68	5
46.72	8
46.76	10
46.8	5
46.84	3
46.88	5
46.92	6
46.96	7
47	6
47.04	6
47.08	8
47.12	3
47.16	7
47.2	7
47.24	4
47.28	8
47.32	5
47.36	4
47.4	5
47.44	5
47.48	3
47.52	4
47.56	9
47.6	11
47.64	7
47.68	11
47.72	7
47.76	8
47.8	6
47.84	6
47.88	6
47.92	8
47.96	11
48	7
48.04	7
48.08	6
48.12	7
48.16	5
48.2	10
48.24	10
48.28	8
48.32	6
48.36	4
48.4	6
48.44	13
48.48	7
48.52	7
48.56	9
48.6	14
48.64	15
48.68	12
48.72	10
48.76	18
48.8	14
48.84	11
48.88	14
48.92	17
48.96	21
49	12
49.04	12
49.08	13
49.12	15
49.16	22
49.2	9
49.24	21
49.28	7
49.32	21
49.36	11
49.4	17
49.44	12
49.48	17
49.52	14
49.56	18
49.6	9
49.64	13
49.68	10
49.72	10
49.76	10
49.8	17
49.84	16
49.88	9
49.92	8
49.96	12
50	13
50.04	14
50.08	9
50.12	5
50.16	7
50.2	12
50.24	5
50.28	12
50.32	9
50.36	11
50.4	8
50.44	13
50.48	8
50.52	15
50.56	12
50.6	13
50.64	10
50.68	11
50.72	10
50.76	6
50.8	5
50.84	4
50.88	5
50.92	2
50.96	3
51	4
51.04	6
51.08	6
51.12	2
51.16	3
51.2	6
51.24	7
51.28	0
51.32	7
51.36	3
51.4	4
51.44	5
51.48	5
51.52	5
51.56	4
51.6	2
51.64	4
51.68	6
51.72	0
51.76	5
51.8	2
51.84	1
51.88	4
51.92	2
51.96	5
52	4
52.04	3
52.08	8
52.12	11
52.16	10
52.2	7
52.24	3
52.28	5
52.32	7
52.36	4
52.4	3
52.44	5
52.48	3
52.52	2
52.56	5
52.6	5
52.64	7
52.68	4
52.72	3
52.76	6
52.8	4
52.84	4
52.88	4
52.92	3
52.96	6
53	5
53.04	5
53.08	1
53.12	7
53.16	2
53.2	4
53.24	5
53.28	3
53.32	4
53.36	7
53.4	5
53.44	2
53.48	7
53.52	2
53.56	6
53.6	3
53.64	3
53.68	8
53.72	3
53.76	2
53.8	6
53.84	5
53.88	4
53.92	4
53.96	5
54	0
54.04	2
54.08	7
54.12	8
54.16	2
54.2	4
54.24	5
54.28	6
54.32	5
54.36	5
54.4	6
54.44	5
54.48	8
54.52	8
54.56	7
54.6	7
54.64	12
54.68	9
54.72	13
54.76	11
54.8	11
54.84	8
54.88	13
54.92	8
54.96	2
55	6
55.04	8
55.08	8
55.12	2
55.16	2
55.2	6
55.24	5
55.28	6
55.32	1
55.36	3
55.4	5
55.44	6
55.48	4
55.52	4
55.56	5
55.6	5
55.64	4
55.68	2
55.72	3
55.76	6
55.8	7
55.84	4
55.88	8
55.92	7
55.96	11
56	10
56.04	16
56.08	11
56.12	11
56.16	13
56.2	25
56.24	17
56.28	13
56.32	20
56.36	17
56.4	16
56.44	11
56.48	20
56.52	14
56.56	6
56.6	12
56.64	8
56.68	16
56.72	10
56.76	15
56.8	11
56.84	6
56.88	9
56.92	8
56.96	12
57	10
57.04	10
57.08	13
57.12	11
57.16	5
57.2	14
57.24	7
57.28	10
57.32	5
57.36	9
57.4	7
57.44	8
57.48	6
57.52	6
57.56	4
57.6	4
57.64	9
57.68	7
57.72	8
57.76	6
57.8	4
57.84	9
57.88	5
57.92	5
57.96	3
58	4
58.04	1
58.08	6
58.12	6
58.16	6
58.2	4
58.24	7
58.28	6
58.32	8
58.36	6
58.4	5
58.44	3
58.48	3
58.52	4
58.56	2
58.6	5
58.64	10
58.68	8
58.72	3
58.76	1
58.8	5
58.84	3
58.88	4
58.92	3
58.96	6
59	4
59.04	4
59.08	1
59.12	4
59.16	6
59.2	3
59.24	6
59.28	2
59.32	7
59.36	2
59.4	3
59.44	4
59.48	9
59.52	4
59.56	5
59.6	2
59.64	2
59.68	1
59.72	5
59.76	3
59.8	2
59.84	0
59.88	5
59.92	9
59.96	8
60	4
60.04	3
60.08	2
60.12	4
60.16	5
60.2	2
60.24	2
60.28	2
60.32	7
60.36	4
60.4	5
60.44	2
60.48	10
60.52	5
60.56	3
60.6	5
60.64	7
60.68	1
60.72	5
60.76	2
60.8	4
60.84	5
60.88	4
60.92	1
60.96	3
61	7
61.04	8
61.08	2
61.12	3
61.16	2
61.2	3
61.24	3
61.28	2
61.32	5
61.36	4
61.4	6
61.44	6
61.48	3
61.52	4
61.56	6
61.6	7
61.64	6
61.68	6
61.72	7
61.76	2
61.8	6
61.84	5
61.88	5
61.92	5
61.96	6
62	6
62.04	5
62.08	3
62.12	5
62.16	4
62.2	5
62.24	2
62.28	1
62.32	9
62.36	5
62.4	3
62.44	3
62.48	7
62.52	3
62.56	1
62.6	1
62.64	5
62.68	4
62.72	2
62.76	7
62.8	8
62.84	5
62.88	5
62.92	6
62.96	3
63	4
63.04	5
63.08	6
63.12	4
63.16	3
63.2	5
63.24	10
63.28	5
63.32	6
63.36	2
63.4	5
63.44	3
63.48	4
63.52	3
63.56	4
63.6	5
63.64	4
63.68	5
63.72	4
63.76	2
63.8	7
63.84	2
63.88	5
63.92	1
63.96	7
64	8
64.04	9
64.08	4
64.12	7
64.16	6
64.2	5
64.24	4
64.28	6
64.32	3
64.36	5
64.4	6
64.44	1
64.48	6
64.52	4
64.56	4
64.6	3
64.64	5
64.68	8
64.72	6
64.76	6
64.8	2
64.84	1
64.88	6
64.92	3
64.96	9
65	7
65.04	6
65.08	7
65.12	6
65.16	7
65.2	6
65.24	7
65.28	5
65.32	1
65.36	9
65.4	5
65.44	4
65.48	9
65.52	10
65.56	5
65.6	6
65.64	5
65.68	4
65.72	9
65.76	8
65.8	3
65.84	7
65.88	6
65.92	4
65.96	5
66	5
66.04	3
66.08	2
66.12	4
66.16	4
66.2	3
66.24	7
66.28	2
66.32	2
66.36	7
66.4	5
66.44	7
66.48	4
66.52	1
66.56	6
66.6	5
66.64	12
66.68	8
66.72	7
66.76	9
66.8	4
66.84	18
66.88	4
66.92	8
66.96	6
67	8
67.04	9
67.08	16
67.12	13
67.16	4
67.2	8
67.24	11
67.28	11
67.32	10
67.36	13
67.4	14
67.44	12
67.48	11
67.52	7
67.56	7
67.6	8
67.64	9
67.68	9
67.72	13
67.76	9
67.8	8
67.84	7
67.88	5
67.92	8
67.96	8
68	8
68.04	7
68.08	13
68.12	8
68.16	5
68.2	8
68.24	7
68.28	13
68.32	3
68.36	6
68.4	7
68.44	8
68.48	5
68.52	3
68.56	4
68.6	6
68.64	6
68.68	2
68.72	5
68.76	5
68.8	3
68.84	6
68.88	8
68.92	4
68.96	6
69	9
69.04	7
69.08	4
69.12	3
69.16	3
69.2	6
69.24	5
69.28	3
69.32	2
69.36	8
69.4	10
69.44	7
69.48	5
69.52	8
69.56	8
69.6	5
69.64	6
69.68	8
69.72	5
69.76	7
69.8	6
69.84	3
69.88	6
69.92	6
69.96	6
70	9
70.04	6
70.08	5
70.12	5
70.16	5
70.2	5
70.24	1
70.28	4
70.32	7
70.36	4
70.4	3
70.44	9
70.48	2
70.52	2
70.56	5
70.6	6
70.64	4
70.68	7
70.72	2
70.76	8
70.8	3
70.84	5
70.88	4
70.92	4
70.96	8
71	8
71.04	5
71.08	7
71.12	9
71.16	9
71.2	7
71.24	10
71.28	3
71.32	7
71.36	11
71.4	13
71.44	8
71.48	13
71.52	10
71.56	8
71.6	6
71.64	9
71.68	9
71.72	11
71.76	11
71.8	13
71.84	10
71.88	8
71.92	9
71.96	13
72	10
72.04	10
72.08	7
72.12	5
72.16	6
72.2	7
72.24	6
72.28	11
72.32	3
72.36	5
72.4	7
72.44	4
72.48	9
72.52	3
72.56	6
72.6	4
72.64	12
72.68	6
72.72	4
72.76	5
72.8	5
72.84	6
72.88	7
72.92	5
72.96	7
73	10
73.04	7
73.08	10
73.12	4
73.16	5
73.2	8
73.24	15
73.28	9
73.32	8
73.36	3
73.4	6
73.44	8
73.48	8
73.52	6
73.56	10
73.6	6
73.64	2
73.68	7
73.72	1
73.76	7
73.8	6
73.84	5
73.88	6
73.92	7
73.96	9
74	5
74.04	6
74.08	2
74.12	5
74.16	11
74.2	5
74.24	8
74.28	8
74.32	4
74.36	13
74.4	2
74.44	6
74.48	5
74.52	9
74.56	3
74.6	10
74.64	3
74.68	11
74.72	4
74.76	11
74.8	10
74.84	10
74.88	7
74.92	14
74.96	14
75	9
75.04	6
75.08	23
75.12	7
75.16	17
75.2	12
75.24	21
75.28	13
75.32	16
75.36	18
75.4	9
75.44	14
75.48	10
75.52	12
75.56	8
75.6	17
75.64	5
75.68	14
75.72	16
75.76	6
75.8	10
75.84	16
75.88	14
75.92	9
75.96	5
76	5
76.04	16
76.08	9
76.12	10
76.16	9
76.2	13
76.24	4
76.28	9
76.32	5
76.36	7
76.4	6
76.44	9
76.48	6
76.52	9
76.56	10
76.6	10
76.64	8
76.68	10
76.72	7
76.76	13
76.8	4
76.84	11
76.88	5
76.92	11
76.96	9
77	3
77.04	5
77.08	12
77.12	9
77.16	6
77.2	12
77.24	3
77.28	9
77.32	6
77.36	5
77.4	4
77.44	6
77.48	9
77.52	4
77.56	5
77.6	3
77.64	3
77.68	7
77.72	3
77.76	6
77.8	8
77.84	4
77.88	5
77.92	11
77.96	2
78	7
78.04	4
78.08	4
78.12	8
78.16	4
78.2	1
78.24	6
78.28	7
78.32	4
78.36	8
78.4	2
78.44	4
78.48	6
78.52	8
78.56	4
78.6	2
78.64	8
78.68	6
78.72	7
78.76	7
78.8	3
78.84	5
78.88	11
78.92	2
78.96	11
79	6
79.04	10
79.08	4
79.12	6
79.16	6
79.2	7
79.24	4
79.28	5
79.32	5
79.36	7
79.4	10
79.44	4
79.48	8
79.52	8
79.56	6
79.6	6
79.64	4
79.68	6
79.72	7
79.76	6
79.8	2
79.84	1
79.88	10
79.92	9
79.96	4
80	4
80.04	3
80.08	3
80.12	8
80.16	5
80.2	4
80.24	8
80.28	4
80.32	9
80.36	6
80.4	7
80.44	3
80.48	5
80.52	3
80.56	4
80.6	10
80.64	2
80.68	5
80.72	6
80.76	8
80.8	6
80.84	10
80.88	8
80.92	5
80.96	11
81	7
81.04	8
81.08	13
81.12	15
81.16	12
81.2	16
81.24	11
81.28	8
81.32	9
81.36	11
81.4	9
81.44	7
81.48	15
81.52	8
81.56	10
81.6	10
81.64	19
81.68	15
81.72	13
81.76	23
81.8	11
81.84	14
81.88	8
81.92	15
81.96	9
82	16
82.04	16
82.08	10
82.12	14
82.16	10
82.2	17
82.24	6
82.28	7
82.32	13
82.36	12
82.4	7
82.44	19
82.48	15
82.52	17
82.56	12
82.6	9
82.64	13
82.68	7
82.72	8
82.76	15
82.8	14
82.84	11
82.88	14
82.92	14
82.96	8
83	11
83.04	12
83.08	10
83.12	11
83.16	9
83.2	6
83.24	11
83.28	11
83.32	9
83.36	7
83.4	9
83.44	12
83.48	7
83.52	11
83.56	10
83.6	6
83.64	4
83.68	8
83.72	12
83.76	13
83.8	5
83.84	2
83.88	7
83.92	7
83.96	11
84	9
84.04	8
84.08	8
84.12	7
84.16	9
84.2	9
84.24	7
84.28	4
84.32	9
84.36	7
84.4	9
84.44	9
84.48	8
84.52	7
84.56	4
84.6	8
84.64	6
84.68	5
84.72	6
84.76	5
84.8	6
84.84	3
84.88	5
84.92	6
84.96	7
85	4
85.04	5
85.08	5
85.12	4
85.16	1
85.2	8
85.24	9
85.28	1
85.32	6
85.36	4
85.4	10
85.44	7
85.48	4
85.52	7
85.56	3
85.6	9
85.64	9
85.68	2
85.72	9
85.76	7
85.8	7
85.84	7
85.88	6
85.92	5
85.96	5
86	5
86.04	7
86.08	3
86.12	10
86.16	7
86.2	7
86.24	4
86.28	11
86.32	4
86.36	7
86.4	12
86.44	7
86.48	12
86.52	7
86.56	13
86.6	4
86.64	9
86.68	8
86.72	2
86.76	9
86.8	10
86.84	6
86.88	7
86.92	11
86.96	10
87	2
87.04	6
87.08	6
87.12	16
87.16	10
87.2	10
87.24	6
87.28	12
87.32	7
87.36	6
87.4	14
87.44	15
87.48	5
87.52	11
87.56	8
87.6	13
87.64	11
87.68	13
87.72	5
87.76	6
87.8	5
87.84	11
87.88	10
87.92	6
87.96	8
88	3
88.04	10
88.08	9
88.12	8
88.16	8
88.2	8
88.24	8
88.28	9
88.32	5
88.36	10
88.4	6
88.44	10
88.48	8
88.52	6
88.56	9
88.6	7
88.64	11
88.68	5
88.72	2
88.76	9
88.8	4
88.84	4
88.88	6
88.92	8
88.96	6
89	7
89.04	8
89.08	7
89.12	3
89.16	7
89.2	6
89.24	8
89.28	6
89.32	7
89.36	6
89.4	12
89.44	8
89.48	9
89.52	6
89.56	11
89.6	7
89.64	6
89.68	8
89.72	7
89.76	5
89.8	6
89.84	7
89.88	5
89.92	2
89.96	5
90	7
90.04	7
90.08	7
90.12	9
90.16	4
90.2	8
90.24	4
90.28	3
90.32	4
90.36	5
90.4	1
90.44	8
90.48	2
90.52	8
90.56	9
90.6	2
90.64	10
90.68	4
90.72	7
90.76	5
90.8	5
90.84	5
90.88	9
90.92	5
90.96	2
91	3
91.04	5
91.08	4
91.12	5
91.16	6
91.2	5
91.24	7
91.28	3
91.32	3
91.36	6
91.4	8
91.44	4
91.48	5
91.52	7
91.56	5
91.6	8
91.64	4
91.68	7
91.72	7
91.76	6
91.8	0
91.84	10
91.88	0
91.92	2
91.96	5
92	3
92.04	2
92.08	5
92.12	3
92.16	4
92.2	5
92.24	4
92.28	2
92.32	5
92.36	8
92.4	4
92.44	6
92.48	4
92.52	4
92.56	4
92.6	5
92.64	8
92.68	12
92.72	2
92.76	1
92.8	6
92.84	9
92.88	2
92.92	6
92.96	4
93	4
93.04	9
93.08	4
93.12	5
93.16	3
93.2	4
93.24	4
93.28	2
93.32	7
93.36	4
93.4	1
93.44	7
93.48	5
93.52	4
93.56	8
93.6	5
93.64	8
93.68	6
93.72	1
93.76	3
93.8	6
93.84	9
93.88	7
93.92	5
93.96	2
94	6
94.04	4
94.08	7
94.12	4
94.16	9
94.2	9
94.24	2
94.28	9
94.32	5
94.36	5
94.4	6
94.44	5
94.48	5
94.52	2
94.56	1
94.6	4
94.64	9
94.68	5
94.72	2
94.76	5
94.8	5
94.84	5
94.88	3
94.92	4
94.96	2
95	5
95.04	2
95.08	3
95.12	5
95.16	4
95.2	5
95.24	3
95.28	10
95.32	5
95.36	4
95.4	2
95.44	2
95.48	4
95.52	6
95.56	8
95.6	4
95.64	6
95.68	4
95.72	4
95.76	1
95.8	6
95.84	2
95.88	4
95.92	6
95.96	6
96	1
96.04	4
96.08	4
96.12	5
96.16	6
96.2	4
96.24	7
96.28	5
96.32	3
96.36	6
96.4	4
96.44	5
96.48	4
96.52	4
96.56	2
96.6	6
96.64	2
96.68	7
96.72	1
96.76	5
96.8	6
96.84	4
96.88	2
96.92	5
96.96	10
97	5
97.04	7
97.08	2
97.12	3
97.16	2
97.2	4
97.24	6
97.28	3
97.32	1
97.36	2
97.4	2
97.44	3
97.48	1
97.52	5
97.56	5
97.6	2
97.64	3
97.68	4
97.72	4
97.76	3
97.8	4
97.84	5
97.88	6
97.92	4
97.96	4
98	1
98.04	8
98.08	4
98.12	3
98.16	4
98.2	2
98.24	2
98.28	3
98.32	10
98.36	5
98.4	1
98.44	2
98.48	2
98.52	2
98.56	4
98.6	4
98.64	5
98.68	7
98.72	5
98.76	1
98.8	5
98.84	3
98.88	5
98.92	5
98.96	1
99	6
99.04	8
99.08	4
99.12	7
99.16	8
99.2	2
99.24	4
99.28	4
99.32	4
99.36	3
99.4	6
99.44	5
99.48	6
99.52	10
99.56	3
99.6	5
99.64	1
99.68	5
99.72	3
99.76	8
99.8	5
99.84	2
99.88	8
99.92	2
99.96	3
100	5
